
T_1 = 0;
T_2 = 10.6388;
T_3 = -79.2528;
T_4 = -0.1084;

convert_to_servo_angles(
